              precision    recall  f1-score   support

           0       0.99      0.99      0.99      1479
           1       1.00      1.00      1.00      1954
           2       0.99      1.00      0.99      2189
           3       1.00      1.00      1.00      1290
           4       1.00      1.00      1.00      2233
           5       1.00      0.99      1.00      1290
           6       1.00      0.95      0.97      2159
           7       0.95      1.00      0.98      2207
           8       1.00      1.00      1.00      2695

    accuracy                           0.99     17496
   macro avg       0.99      0.99      0.99     17496
weighted avg       0.99      0.99      0.99     17496
